java A1_G6_t2 ./database/groceries.csv 0.15
[soda] 0.17437722419928825
[rolls/buns] 0.18393492628368074
[other vegetables] 0.1934926283680732
[whole milk] 0.25551601423487547
java A1_G6_t2 ./database/T2_N100_D10K_Corr5.csv 0.01
[68] 0.0164
[10] 0.0168
[58] 0.0168
[92] 0.017
[49] 0.017
[57] 0.0172
[99] 0.0174
[36] 0.0174
[100] 0.0176
[5] 0.0177
[90] 0.0178
[29] 0.018
[12] 0.0181
[69] 0.0181
[96] 0.0182
[14] 0.0182
[18] 0.0182
[46] 0.0183
[75] 0.0183
[19] 0.0184
[16] 0.0185
[74] 0.0185
[45] 0.0186
[21] 0.0187
[93] 0.0189
[81] 0.0189
[42] 0.019
[88] 0.0191
[20] 0.0191
[31] 0.0192
[39] 0.0192
[72] 0.0192
[30] 0.0193
[3] 0.0194
[4] 0.0194
[9] 0.0194
[54] 0.0194
[63] 0.0194
[95] 0.0195
[41] 0.0195
[56] 0.0195
[15] 0.0196
[78] 0.0196
[94] 0.0197
[8] 0.0197
[73] 0.0197
[38] 0.0198
[53] 0.0198
[89] 0.02
[25] 0.02
[32] 0.02
[37] 0.02
[62] 0.02
[22] 0.0201
[34] 0.0201
[52] 0.0201
[79] 0.0202
[27] 0.0203
[47] 0.0203
[60] 0.0203
[24] 0.0204
[59] 0.0204
[51] 0.0206
[65] 0.0206
[35] 0.0207
[43] 0.0207
[67] 0.0207
[7] 0.0209
[71] 0.0209
[87] 0.0209
[55] 0.021
[80] 0.021
[85] 0.021
[13] 0.0211
[40] 0.0211
[76] 0.0211
[26] 0.0212
[70] 0.0212
[97] 0.0213
[98] 0.0213
[1] 0.0214
[61] 0.0214
[44] 0.0215
[11] 0.0217
[50] 0.0217
[77] 0.0218
[82] 0.0219
[33] 0.0221
[84] 0.0221
[86] 0.0221
[6] 0.0222
[91] 0.0223
[17] 0.0223
[28] 0.0228
[64] 0.0228
[83] 0.0229
[23] 0.0232
[48] 0.0234
[2] 0.0237
[66] 0.0244
[] 0.1374
